372
9
1054
1088
1082
1080
1090
1077
32
1072
1090
1072
1082
1091
1074
1072
1090
32
33
13
10
13
10
1058
1080
32
1089
1080
32
1088
1080
1094
1072
1088
1103
1090
44
32
1082
1086
1081
1090
1086
32
1082
1086
1084
1072
1085
1076
1074
1072
32
1074
1086
1081
1089
1082
1080
1090
1077
44
13
10
1087
1072
1079
1077
1097
1080
32
1095
1086
1074
1077
1096
1082
1086
1090
1086
32
1082
1088
1072
1083
1089
1090
1074
1086
46
32
1057
32
1077
1076
1080
1085
32
1082
1083
1080
1082
13
10
1080
1079
1087
1088
1072
1097
1072
1096
32
1077
1076
1085
1072
32
1088
1086
1090
1072
32
1074
32
1073
1086
1103
46
32
1042
1085
1080
1084
1072
1074
1072
1081
44
32
1072
1082
1086
13
10
1074
1086
1081
1085
1080
1082
32
1089
1090
1080
1075
1085
1077
32
1076
1086
32
1087
1088
1077
1087
1103
1090
1089
1090
1074
1080
1077
44
32
1090
1086
1081
32
1090
1088
1103
1073
1074
1072
32
13
10
1076
1072
32
1075
1086
32
1079
1072
1086
1073
1080
1082
1086
1083
1080
32
1080
32
1089
1090
1072
1074
1072
32
1073
1072
1074
1077
1085
46
32
1054
1090
32
1074
1088
1077
1084
1077
32
1085
1072
13
10
1074
1088
1077
1084
1077
32
1085
1103
1082
1086
1080
32
1086
1090
32
1074
1086
1081
1085
1080
1094
1080
1090
1077
32
1084
1086
1075
1072
1090
32
1076
1072
32
1089
1077
32
1074
1090
1091
1088
1085
1072
1090
32
13
10
1073
1098
1088
1079
1086
32
1074
32
1072
1090
1072
1082
1072
32
33
32
13
10
13
10
1055
1086
1085
1103
1082
1086
1075
1072
32
1074
1086
1081
1085
1080
1094
1080
1090
1077
32
1097
1077
32
1089
1088
1077
1097
1085
1072
1090
32
1087
1086
1088
1090
1072
1083
1080
44
13
10
1082
1086
1080
1090
1086
32
1075
1080
32
1087
1088
1072
1074
1103
1090
32
1087
1086
45
1084
1085
1086
1075
1086
1073
1088
1086
1081
1085
1080
46
32
32
32
0
